$TYPE vec
$XDIM 1000
$YDIM 1
$VEC_DIM 3
$NORMALISATION at.tuwien.ifs.somtoolbox.data.normalisation.UnitLengthNormaliser
-0.137975784266163 0.990272719849879 -0.017961716990873 1
-0.970765682015007 0.239001825451782 -0.022183733965551 2
0.923385487866049 0.377350562620602 -0.070468387865009 3
-0.967436136468125 -0.131317745842582 -0.216386162871962 4
0.554595718923496 0.831095659359078 0.04127461140012 5
-0.18326533781095 0.982889349015325 -0.018502528185884 6
-0.152975610917004 0.987499238460793 0.037996269605351 7
0.649961122989074 0.759848409135066 -0.013451161202291 8
-0.72913397854394 0.683929186427934 -0.024586770522172 9
0.089214706623997 0.99597191708378 -0.008982009934029 10
-0.891716243462667 0.452507168702611 -0.008910859530738 11
-0.91676768022578 0.398845165813144 0.021437215325877 12
0.832137619739128 0.554530758120357 0.006528408179615 13
0.957247914164215 0.289204417385246 -0.006102113823867 14
0.872861315424179 0.487731862732952 -0.015190592846134 15
0.825135901777521 0.407485133963928 -0.391288396449724 16
0.775637822957835 0.630582887596841 -0.027407835873339 17
-0.908184604526742 0.417276919000573 -0.032873955800829 18
0.981146126129539 0.186661398663133 -0.05009791842104 19
0.826496129148712 0.562419338786711 0.024261818994346 20
-0.985621501795108 0.100294811033934 0.135982374147621 21
0.989797804151532 0.141805519762246 0.013838405318706 22
0.362769659937911 0.931105953100167 -0.037945723473948 23
-0.523670408798697 0.851662793374592 -0.020971154712904 24
0.032934559609843 -0.230442204443722 0.972528511250145 25
0.069560489957537 0.997560549480636 -0.005855626077423 26
-0.592138308847777 0.805802902249275 0.007342065209516 27
-0.811540044383724 -0.091654422977889 -0.577063448080237 28
-0.814874776333959 0.579223055664604 0.02190321166496 29
-0.977635498332875 0.118716293828192 -0.173595143881187 30
0.368998247212983 0.928962416058816 0.029480893879144 31
0.967208549567777 0.246702686987515 -0.060377196656823 32
-0.925061805783924 0.379644215648201 0.011442246486016 33
-0.205847333052055 0.978508168566827 -0.012191780975361 34
0.285829598126856 0.956036275286887 -0.065544497634932 35
0.845193267206965 0.531183089307157 -0.059100479711427 36
-0.619674901629701 -0.295923190982386 0.726933615489766 37
-0.042058403719076 0.998976541818103 -0.016642102443724 38
-0.227288481705598 0.973469435597254 -0.026404621601686 39
0.910938236648133 0.179098323365507 -0.371638694944505 40
-0.86866754862243 0.491045208493013 0.065507962770575 41
0.098734196698147 0.994976555674148 -0.016529127659411 42
-0.114117725273117 0.993465589466607 0.001807574135718 43
0.374322767718532 0.92727930055159 -0.005963584164861 44
0.916083581523948 0.395957158100535 0.063315089917046 45
-0.905281557562827 0.418268882173373 -0.07427276581667 46
0.947127147894057 0.290176273269487 -0.136922956999549 47
0.870995324014397 0.490384161903265 0.029841569990342 48
0.891032023242995 0.452948251593362 -0.029996915408266 49
0.393918242535777 0.918078803561407 -0.044268822536652 50
0.863572634897559 0.504082497754448 -0.0119641010412 51
0.422959711650926 0.90613523303061 -0.004901201967619 52
0.976812505902625 0.213867404475019 0.009902606492867 53
-0.738357074388649 0.673495181025169 -0.035115122612787 54
0.988273712104715 -0.126997771498293 0.084774029025608 55
-0.043947784032157 0.999033811716933 -0.000187949455346 56
0.478333506086643 0.877912181608377 -0.021616159198164 57
0.96880327272608 0.247717870221548 0.007488359509034 58
0.902350381906841 0.430971417211236 0.005236966633151 59
0.031546038371848 0.999491011346908 0.004750336806685 60
-0.288857471064844 0.957222553244814 0.016921730688747 61
0.886641953840689 0.460174501662771 0.045885441144066 62
0.118497717620799 0.992883342486382 0.011872621097765 63
-0.580400053746779 0.813446652684232 -0.037951559224279 64
0.181158359436766 0.982642272327339 0.039947633741491 65
0.961835400686736 0.104207974521381 0.253008616517181 66
-0.957334307947262 0.269175236410454 -0.105146159846724 67
0.907233201828776 0.420473686349296 0.011392830523701 68
-0.974573412764618 0.217188570450948 -0.055097985424134 69
-0.343915241289222 0.938760205733187 -0.021250480953638 70
-0.910330670648662 0.411490396469694 0.044426610151696 71
-0.24375144499326 0.96977671968608 0.010878741591011 72
0.960069667543091 0.278887839583458 0.022086339582879 73
-0.211875656056151 0.976929876837669 0.026771666229673 74
-0.560645642595851 0.82766577358466 0.025413198830377 75
-0.898918690098582 0.437428926798156 -0.024517801525902 76
0.100697373583176 0.994716708947945 -0.019967671201737 77
-0.853125236531885 0.521198045774999 -0.023020162309111 78
-0.949580687946871 0.288888037864527 0.12182043612273 79
-0.4034791420548 0.914981438652067 0.003680876107128 80
-0.895647637545041 0.44391424575149 -0.027485483056938 81
0.791837957385613 0.609687200166419 0.035695478657859 82
-0.529260659327944 0.848014305661787 0.027475295825672 83
-0.147517618843549 0.988622579298661 -0.029392989497355 84
0.779096876478831 0.626900345355277 -0.002003510510052 85
-0.906801612854478 0.407932766949211 -0.106309419026153 86
0.160915096699968 0.986734727303218 0.02146880499432 87
-0.460438136661168 0.887307890301013 0.026104216470854 88
0.319415585168407 0.947473165911915 -0.016379372038567 89
-0.543741651139131 0.83920331482227 -0.009100176251303 90
0.302839329290379 0.9529026831479 -0.01627320142092 91
0.601744295117229 0.798678216686314 -0.004112114375799 92
-0.275978928488686 0.960131215430008 -0.044538524752537 93
-0.96456018947231 -0.073791382605465 -0.253334704962259 94
-0.79571919904084 0.605154107001369 -0.024889014789245 95
-0.589598752786978 0.807693680400713 -0.002056539032209 96
0.827866718516986 0.557690243144727 -0.060152215861869 97
0.924559524053022 0.361600171370721 -0.120145755428622 98
-0.84123213586788 0.539049466425049 -0.041882768891683 99
-0.868189962433495 0.489955237923278 -0.078676895981416 100
0.988641967720641 0.14126843810063 -0.051286334028356 101
-0.908969847382796 0.416357385252888 0.020502299731381 102
0.734716233332673 0.677358578670026 -0.037113506700003 103
-0.907260312406558 0.418773137924044 -0.038830200684579 104
0.93048658620361 0.366274182234335 -0.006159247009257 105
0.414536214984209 0.909505362023494 0.030979395040569 106
0.29537416476406 0.95498710294143 -0.027454252957756 107
-0.434397260333249 0.900720443544551 0.001304912209313 108
-0.736561848034325 0.676348602346263 0.005404824189248 109
-0.998671396034797 0.003887515936852 0.051384141150271 110
-0.864522594573935 0.501648123168952 -0.030819539130565 111
-0.829934297521495 0.54742472709358 -0.107402187892159 112
-0.651502758877959 0.752150954510133 0.099061076129343 113
0.747226779182876 0.663704236379649 0.033894351796314 114
-0.252167306930265 0.967644005321897 -0.008759468028018 115
0.777703946741974 -0.455082701964522 0.433677651712222 116
-0.010667693549496 0.998010191415269 0.062143850424572 117
-0.91739268820638 0.395758127003518 -0.042025712797507 118
0.390428063611711 0.919821861784631 0.038648023590676 119
0.566841158375211 0.821885258292312 0.056530729463086 120
0.435134136433168 0.900104472530957 -0.021684599150727 121
0.552225977309348 0.832970230247267 -0.034742848279178 122
0.365859008014077 0.929487363247147 -0.046908717940504 123
0.176911546283716 0.984090214439399 0.016393737710555 124
-0.91220613228901 0.407347831245821 0.044132942272771 125
0.995064958522489 0.0552583273893 -0.082415080991129 126
-0.799880367568808 0.597363263856235 0.057866471924725 127
-0.786994529550211 0.616940664669506 0.004881263687825 128
-0.18082656989068 0.983326967653696 0.019230868585631 129
-0.680371057097017 0.731317696515678 0.047640858805121 130
-0.175555788300271 0.984233307375415 -0.021562973986011 131
-0.491978647020293 0.870580488179257 -0.006828211892444 132
0.664116778662905 0.747287647656621 -0.022584861262342 133
-0.725687100510214 0.685997540875578 0.052778841079905 134
0.803447106043219 0.595220703963262 0.013603726116597 135
0.246491436907406 0.968992366253844 -0.017197839198536 136
0.707613712593939 0.703454177044476 0.066596205204957 137
0.343918486304012 0.938951013905809 -0.009542969328816 138
0.951727468894351 0.263437515085864 -0.157529364238344 139
-0.802590583695574 0.59580394753543 -0.029428065930251 140
-0.987601299594977 0.073634202080934 -0.138642263838329 141
0.920200887713539 0.390141703252167 -0.031933957391978 142
-0.860227057358112 0.505858043934648 -0.064164235954428 143
0.532434348386379 0.844905539500083 -0.051461577710415 144
0.357248798573451 0.933789453601916 0.02026208922251 145
-0.240093967688367 -0.835975657682731 0.493456772616997 146
0.916625691788373 0.397655354150836 0.040835774373202 147
0.597327674359772 0.801750990438309 0.01987457609954 148
0.951442949537692 0.307348329715296 0.01712652901889 149
-0.798747092725912 0.597758626734325 -0.068466824277147 150
0.905898649515732 0.411997265311238 0.09800964330939 151
0.691818831269125 0.72099440163496 0.039417984632238 152
0.934943837511832 0.067651542402976 0.348286217799595 153
-0.407082250051231 0.91221659799458 0.046313281425754 154
-0.79365785514548 0.607820176403008 -0.025726292451343 155
-0.781890532186948 0.623260185785072 -0.01392610827073 156
-0.902224355977147 -0.316601621491404 0.292838905800844 157
-0.049049476031268 0.998487771673503 0.024825767249767 158
0.238122974667453 0.971233155765743 -0.001898967308764 159
0.625448996530348 0.780169445540234 -0.012214294274541 160
0.481916056069643 0.876184026452303 0.007646351555462 161
-0.384919220065173 0.921895429558954 0.044113614482729 162
-0.363811626024343 0.931465947292978 -0.003505681548274 163
0.608297746253762 0.793520644652193 0.017286943436055 164
0.016278919157781 0.734623606079292 0.678279554595384 165
-0.864509763188629 0.481684795741921 0.143536151901199 166
0.359144417018609 0.933228353581525 -0.010006387753848 167
0.752551916681274 0.65843663154947 -0.011261213661412 168
-0.914065959829395 0.399705747915093 -0.068693057617219 169
0.202197559615529 -0.922554709684439 -0.328647158096013 170
0.385746301637819 0.92259880351316 -0.003352391509109 171
-0.894668836316082 -0.053215376250831 0.443549092046541 172
0.899029897331953 0.436872779003306 0.029789573162868 173
0.044770718049088 -0.734245675298081 0.677405986917324 174
-0.299665087389705 0.954032395690951 -0.00479826759412 175
0.148228983969642 0.988934759003412 -0.00601753655504 176
0.907797519188546 0.419035470391039 0.017690073750023 177
0.679600111560694 0.731687435182269 -0.052699009128114 178
0.344381959128862 0.938707759499454 -0.015126416696706 179
0.603112887544839 0.796851412434255 0.035814401835858 180
-0.635292337158465 0.770888825430729 -0.046195943260923 181
-0.920359570395855 0.391049705106819 -0.00428827665001 182
0.047094413936551 0.998885866150087 -0.003023670214197 183
0.714471080070073 0.699296654353597 -0.022699448305384 184
0.287404280979509 0.957396890405493 0.028106467521616 185
0.894879853709047 0.446153954402121 0.011691723441201 186
-0.323221727248825 0.945454419582514 -0.040542021732745 187
0.654565851195391 0.754136604355535 0.053118061146443 188
-0.452963995102383 0.891403978609123 -0.014918648086011 189
-0.922684298982398 0.385366611262266 -0.012093772595757 190
0.276161763633146 0.960597960535172 0.031404434761638 191
-0.1815386645696 0.9833604176646 0.006782494879474 192
0.74505274568063 0.666077613085461 0.03517128800782 193
0.958888660059032 0.239163046262537 -0.152753313916973 194
-0.50061127788749 0.865524940755745 0.015966382859546 195
0.416115443411948 0.909300983419453 -0.004433881650941 196
0.904854881592009 0.424832917314855 0.027470632043362 197
-0.42292862337871 0.905667995872812 -0.02994763394182 198
-0.831646838065407 0.550002084924979 0.07655875726516 199
-0.983101670226999 0.182815958111884 0.009456820634824 200
0.961623475321316 0.274019587043014 -0.01391249897503 201
0.393527779526422 0.919112090178395 0.019205531206032 202
0.629006156778296 0.777173615740247 -0.018773005412753 203
-0.735903371212451 0.676859138043806 0.017548090629627 204
0.873959082892534 0.46712172748879 -0.134137292120911 205
-0.32306723547411 0.946358048163539 -0.005831469730069 206
-0.1140306403267 0.993333790729545 -0.016881743439441 207
0.976221013609463 0.212822920912313 -0.041218162521689 208
-0.898703354142536 0.432419647451805 0.073113129809982 209
0.621618413912756 0.783275624484013 0.008357246781579 210
0.861760245779348 0.363485466352296 -0.353903368937019 211
-0.04010215285526 0.999195562768144 0.00021137839215 212
0.021492787097851 0.999311858284191 0.030230282753621 213
0.884487844847961 0.462797720654569 -0.059156758473946 214
0.853642543382446 0.516806648109758 -0.064848258242656 215
0.449802825480969 0.892891736447395 -0.020536922196199 216
0.124690114770483 0.991158516178537 -0.045356047946045 217
-0.134900503122205 0.990042536130642 -0.040219782562602 218
0.547945119551102 0.83651032178746 -0.002574393747834 219
-0.887037670277612 0.043666279842599 0.459627487769361 220
0.943090887054588 0.332402042548279 0.009405363593349 221
0.986943179237581 -0.109453502478244 0.118165526917376 222
-0.17741419552789 0.983855882605577 0.023490540385285 223
0.786077086637171 0.61652853847163 -0.044445192249029 224
0.942622654355335 0.331778419623229 -0.037223806474015 225
0.058453787718412 0.997538186031169 0.038739154753492 226
-0.364234137491718 0.930323484838387 -0.04279844207239 227
-0.532972966569959 0.845699851087857 -0.02704771294573 228
0.008934604660758 0.999903277797947 -0.010658700130742 229
-0.292894772673867 0.955156156780361 -0.043466864447468 230
-0.967583081410963 0.107316668577546 -0.228617832228115 231
0.372819497104282 0.927903806013673 0.00038647671242 232
-0.119592726917604 0.992199006785672 -0.035195320739235 233
-0.22064453152414 0.975352503607315 -0.001866658896596 234
0.973353586560447 0.224153910755279 -0.048351006432419 235
0.155504204584398 0.987035342280745 -0.039745131089313 236
0.9789889173175 -0.075834751520144 -0.1892875860467 237
-0.867258597230561 0.497656405009452 0.014164324295528 238
0.050463271626936 0.998545383646856 -0.01898881287123 239
0.231024402310629 0.972852856573874 0.013603124386303 240
-0.380258013839312 0.924814782813533 -0.011020907428158 241
-0.345592469123297 0.937962975010708 -0.028130104769169 242
-0.605473651964916 0.79540796498572 0.026978250750253 243
0.843311660066944 0.413977837868576 -0.342706570915696 244
0.279421754134044 0.960150415777143 0.005887478206674 245
0.286993181074748 0.955972442908936 0.061250325838471 246
0.985560233916583 0.15951480768452 0.056798340219245 247
0.329297725625379 0.944135504578877 -0.013082694353341 248
0.435370889135982 0.897142112157752 0.074754394426495 249
0.233957220912348 0.972179537151182 0.011444052057045 250
-0.687779310194523 0.725909372895757 0.003899078152039 251
-0.136403559693234 0.990607624813758 -0.009518537905598 252
-0.00567521405505 0.999784631733318 -0.019962016313553 253
-0.842963522221606 0.537963931876257 0.002703369005959 254
0.313918000826436 0.948907489856757 0.032094617163669 255
0.959525758379581 0.254153238506858 -0.121311377712755 256
0.801153127502077 0.598268922716451 0.015098423935578 257
0.968059832786118 0.249563596293685 0.024045198087661 258
0.957987781353077 0.284781957709929 -0.034038909223268 259
0.964962014983557 0.261373421042472 0.023070422870588 260
-0.843049959121209 0.537332110418313 -0.023258751882456 261
-0.66640647944738 0.743755383643781 -0.052252592772421 262
-0.588959737928943 0.807757204516431 -0.025587607361232 263
-0.973447981941044 0.226492269020879 -0.03317044661566 264
0.975778538772986 0.081142828886493 -0.203155321343924 265
-0.739920383557148 0.672685496258091 0.003471184329482 266
0.681518169564682 0.731756426301843 -0.008094264584317 267
-0.429129124149498 0.902986538762081 -0.021529180689524 268
-0.717536203627731 0.695234286342289 -0.042321195371011 269
0.037954311088231 0.998958907292318 0.025309520168449 270
0.826048281487652 0.56043971662958 0.059594971897402 271
0.805998479275578 0.589956186471505 0.048147164500664 272
0.991536851294894 0.030644944834982 0.126156885980384 273
-0.719030841202745 0.694917351783471 -0.009193671166635 274
0.621836173538978 0.783139175190934 0.003578485666511 275
-0.967536966449423 0.067586490281319 0.243524711036275 276
-0.405388914106206 0.914095435148478 0.009453240740917 277
0.299909668293739 0.953325269333305 0.035001738735689 278
0.934297422146775 0.353871845945102 -0.043162988975487 279
0.656891317936171 0.748921350675727 -0.087238792530185 280
-0.934891879958365 0.322973583874759 0.147191157706597 281
0.632150856616472 0.774815388765587 0.00681232787618 282
0.474512362754386 0.879881866843932 0.025414916731856 283
-0.832097420712857 0.554589330519277 -0.006675096792642 284
0.691319232560042 0.72092386596855 0.048440666485456 285
0.7752305937581 0.25895285864371 -0.576160518867541 286
-0.626098337879235 0.778580981261058 0.042573782113256 287
0.944709504360923 0.327432786915968 -0.017655662620848 288
-0.905366250634806 0.415810968148314 -0.086099889541367 289
-0.899276885906175 0.434944609197911 -0.046089797185162 290
0.87735697784451 0.479500189305621 0.018008383698179 291
-0.290159668968927 0.956924351945734 -0.010156335809717 292
-0.562725996908391 0.826555989524195 -0.012026994019136 293
0.65067216159965 0.758903414540954 0.02629345008399 294
-0.9184444348199 0.389845896584855 0.066932780192557 295
0.672443877713723 0.740106157067581 0.007880837264378 296
-0.92996234139585 0.361780763044185 -0.065457796149242 297
0.658559163736145 0.751487415852744 -0.039578929673677 298
0.694199720462939 0.71971230828961 0.010046960018774 299
0.528443228481082 0.847640902038816 -0.047462147689634 300
-0.130992957575283 0.99103326140855 0.026342358429188 301
0.970371789349724 0.146916102686594 -0.191818271302806 302
-0.396283085283218 0.917793722251833 0.024787087637285 303
0.931420570995585 0.363944552739964 -0.000287153559443 304
0.120473091186318 0.992712489573207 -0.002854355510144 305
-0.07917281227537 0.996857915107785 0.002441901588691 306
-0.820496612205884 0.554843738481294 0.137599909980963 307
0.022016610651161 0.999567337205085 -0.019504031587657 308
-0.888544131594958 0.458671365555058 0.010483540815064 309
-0.960945009000598 0.243602825173422 -0.131310141437619 310
0.649661678479169 0.759664637937008 0.029143462108408 311
0.477822118455901 0.878163716987255 -0.022682797037487 312
-0.564159261507201 0.825349015755695 0.022876403711131 313
-0.875545749566617 0.482527855844578 0.024217942725695 314
0.344946650043917 0.728015955925453 -0.592456392101079 315
0.725173591612195 0.688559010165019 0.003122747001928 316
-0.240700667093929 0.970537766566096 -0.010937665629919 317
-0.295447541594917 0.955354018873174 -0.003073888155833 318
-0.514699592488297 0.856882586583225 -0.028923386779965 319
-0.961167766333682 0.271388946804579 0.050045624318431 320
-0.774702912360941 0.632325388774465 -0.000017049865631 321
0.417099453588994 0.90866992625222 -0.018628229667599 322
0.640405320317749 0.767568514707509 0.02682537862603 323
-0.13300860919954 0.991106055650424 -0.004182861683477 324
-0.144350596143449 0.989483285931518 0.009259171409805 325
-0.915032994861024 0.398799240722854 0.060611747331203 326
0.964326470803049 0.257712065634516 0.060489246440393 327
-0.763506601238923 0.645765390899569 -0.006688032663994 328
-0.945975593651696 0.320510238656197 0.049024107660092 329
0.494698296414643 0.867880864621897 -0.045347550624014 330
-0.051615181690749 0.998661061739605 -0.003457858319178 331
0.797050974335711 0.602545469776811 0.040604201284292 332
-0.671991932380825 0.737471806017949 0.067543897901355 333
-0.485466512651243 0.873657473494846 0.032324667064687 334
0.906543665049437 0.421237227028536 -0.027162141374415 335
-0.154546289756747 0.987725685054924 0.02265867174406 336
-0.485939394301284 0.873917471232863 -0.011452446902732 337
0.90102118435514 0.428669839481292 0.066355060563188 338
-0.241307009787479 0.969958043542108 0.030859695322405 339
0.220077977883798 0.975311147046885 -0.018271565249527 340
0.718248698168872 0.694443884172418 0.043203001218047 341
-0.458314607879051 0.888482844435752 -0.023365687407529 342
-0.599185617989528 0.799278713181835 0.046153373104226 343
-0.094933213865409 0.995373307040213 -0.014821084205073 344
0.75415523852212 0.654920859010144 0.048254996042477 345
-0.79500605394751 0.60648846845479 0.01170947557203 346
0.614598709702634 0.78839826302158 0.026393273696387 347
-0.795287219476752 0.604705287928462 0.043008758274241 348
-0.191307276448445 0.980990218963195 0.032553283650376 349
-0.935952920575371 0.304647561504198 -0.176584239772353 350
0.289564436195148 0.957128527952681 0.007577484419058 351
0.971799066006552 0.233967773845873 0.029422034436805 352
0.060725436177699 0.997962434646187 -0.01958061378207 353
0.977496358806476 0.205572051729368 -0.047339202230905 354
-0.993008864993476 0.101819212892858 -0.059718020146752 355
-0.751207644671966 0.659024389494995 -0.037066543366579 356
-0.776029763499915 0.630413550907725 -0.018882822728061 357
-0.412172740193529 0.910649582632222 -0.028826548407971 358
-0.701255215579753 0.708982978634133 -0.07472789726245 359
-0.288261281393783 0.957334464344755 -0.020399927131128 360
0.685805124647961 0.727136415861934 0.030723992807836 361
-0.92975099422135 0.358674421021454 -0.08316097912685 362
-0.855378471468484 0.517944802028952 -0.007800807613863 363
-0.58056081597979 0.81394792512188 0.020926398129324 364
-0.442132225700824 0.89687064260911 -0.011922475529776 365
-0.866859969930147 0.498487027103922 0.00802971617171 366
-0.851474675757429 0.524368873419805 0.005306706344434 367
0.907489225633065 0.410713328049362 0.088192219172204 368
-0.700533727415832 0.713058323005573 0.028290011406175 369
0.708110986998538 0.704905288208859 -0.041077545534536 370
0.882007695696716 0.46744973774436 -0.059608450864771 371
-0.164311275001242 0.985125521446048 -0.050294253181838 372
0.491056713724078 0.870505516533344 0.032915795471542 373
0.794921028610893 0.602291736485507 0.073111028124845 374
-0.970303073771614 0.166103808056229 0.17584501692848 375
-0.945541069689737 0.315816000181107 -0.078818396073466 376
-0.735506904502057 0.677481494821602 -0.006958275942336 377
-0.235466084557167 0.9716173568237 0.022703192335944 378
-0.890017509566704 0.447889000264212 -0.085230722788247 379
-0.826351369063246 -0.558482816511019 -0.072390320549221 380
-0.402207856765922 0.915214281454778 -0.024731740273954 381
0.296873809981116 0.9548889943437 -0.007276635800514 382
0.66150154586017 0.74963573385651 -0.021493518790988 383
0.839096903847827 0.54391467067518 0.008556691960132 384
0.796050320402203 0.549811759881414 -0.253003786698246 385
-0.523751854648392 0.851763600870132 -0.013518986097906 386
-0.790969363523786 0.611222499692636 0.027830232414794 387
-0.925700411473193 0.360235234174276 -0.11536604464818 388
0.566057290875475 0.823860664807208 -0.028857380860758 389
-0.777953847337418 0.626799521533837 0.043705505578376 390
0.983545908093022 -0.137378647343794 0.117322435737849 391
0.255855766709564 0.966696034676651 0.006050056355198 392
-0.802130796536755 0.597032421932678 0.011767429987524 393
-0.168504663167935 0.984945790818681 -0.038574183584676 394
0.366172890097341 0.930511597650132 -0.008098221802284 395
0.456113531870123 0.887449641693501 0.066284081822398 396
-0.705386328422586 0.706971700402981 0.05119709468144 397
-0.678387140455535 0.734090869546613 0.030024705042 398
-0.307241735015961 0.951541460150847 0.013090679064756 399
0.969688965763812 0.219210263710602 0.107935953045486 400
-0.662031007932436 0.749023554839962 -0.026051081184277 401
0.986893586175203 0.146507694583312 0.067650166253536 402
0.957502145690715 0.28830130234343 -0.008485285190217 403
-0.146009501011861 0.989266730594179 -0.00570625567006 404
0.907999596585403 0.417666788510285 0.033033110302391 405
-0.851612268259988 0.371062156261653 0.370228876155724 406
-0.690246588776806 0.723375726126699 0.016947139364914 407
0.945217674543069 0.324009686142407 -0.039765198569755 408
-0.022795318165805 0.999564421586343 0.018744080891834 409
-0.197203122540116 0.979556339186544 -0.039753073087307 410
0.915869663560711 0.392597538850339 -0.083963872337138 411
0.177542479362913 0.984028302281199 0.01292162262456 412
-0.790603335893191 0.611901413654416 -0.022869745129415 413
0.866816818862175 0.497099075749735 0.039001428517668 414
0.891265588995837 -0.023658064085552 -0.452864158303158 415
-0.668725174554289 0.743509570586479 0.000399203763871 416
-0.724524639089388 0.688923836038794 0.021165903949151 417
0.815111825301755 0.424746204461834 -0.393933210136576 418
-0.535567735904562 0.843751424540797 0.03536571565001 419
0.998269166552446 0.014875916502675 -0.056897963222686 420
0.925723902126557 0.378182712353637 0.003618440054474 421
-0.570795639204625 0.820522295621555 0.03058595515782 422
0.90689981295663 0.419727178328123 -0.03690291359691 423
-0.851671413407484 0.523145131110685 0.031224595748914 424
-0.93712471136553 0.280369105389169 -0.207823098069846 425
0.995791367525048 -0.045018445973674 0.079830394491765 426
0.591001812487087 0.806409283766005 -0.020516449326752 427
0.97628820036387 0.216420513373178 -0.00484883713539 428
-0.483117845668047 0.875264331843961 0.022572031339912 429
0.096638078923904 0.995309978693519 0.004373558620166 430
0.860816188953377 0.507932717027645 -0.03162030690392 431
0.926425167726893 0.375213991751297 -0.030836163773327 432
-0.655321797014036 0.755297807401249 -0.008863661385717 433
0.74184946758391 0.668775123833737 0.048981641322427 434
0.408448040240407 0.912163193589481 -0.033593253554985 435
0.349845125012974 0.936797369130956 0.004367801961608 436
0.224976771594921 0.974085226423717 -0.02331145439011 437
0.821897301434607 0.567064561351952 0.054061161227166 438
-0.901166119208427 0.406246511405172 -0.151206473280581 439
-0.971139479898713 0.202408280895558 -0.126170513223027 440
-0.479131412401418 0.877741996860366 0.001441040526783 441
-0.535418190958193 0.843778908289875 0.036939338329243 442
-0.983285400246526 0.181140047980974 0.018387622996982 443
0.621553916641048 0.783228205421237 0.014976880209226 444
-0.65744655176718 0.753492354698652 -0.003647325064333 445
0.93049938258729 0.359049249715535 0.072488173403555 446
-0.929377549383879 0.366923945003008 0.040301231800601 447
-0.566661451971207 0.821817195192788 0.059256194067311 448
0.970821169646865 0.236763178474023 0.038071694004473 449
0.097251927397309 0.995056588608704 -0.020110894657311 450
0.229278061225593 0.973341966767255 -0.006081642071482 451
-0.362662891490707 0.930991171353592 -0.04160608125343 452
-0.885800208843646 0.464036335001606 -0.005316936225848 453
-0.22212691853334 0.974617816662435 -0.027923887749203 454
-0.924687888590436 0.34649479253367 0.157777271624307 455
0.823850036212469 0.559826342026359 0.088688131145605 456
0.250342832155233 0.967582410662913 -0.033357832127447 457
0.9209610871067 0.389502508152682 -0.010884492547378 458
0.871386519659381 0.471607938091505 -0.135172061037002 459
-0.747448624803832 0.661600008849593 0.060049825720637 460
0.578188436687524 0.815402292251761 -0.028587295629536 461
0.528959045758172 0.848434195250241 0.019019575197121 462
0.82552679866695 0.563143233497504 -0.037083732938756 463
-0.586169458550243 0.809713974171748 -0.027724463816435 464
-0.765196423466284 0.643782744649294 0.004267458989826 465
-0.64686581328347 0.761923510025125 -0.03220534856366 466
-0.947735392999974 -0.163821970954124 0.273788215027403 467
-0.708230578496102 0.705809094218642 -0.015587501446235 468
-0.868582772302112 0.495537607274923 0.002539180226258 469
0.786172320374479 0.618001325798374 0.00272836736162 470
-0.443444160657106 0.895919928215964 -0.026167892628496 471
0.011909726044548 0.999623378115944 0.024723679936711 472
0.974221903659305 0.218054195631068 0.057827763212224 473
0.871317706181506 0.490681325659339 0.006106680259647 474
-0.951705358271445 0.234065963553913 -0.198670671572324 475
-0.271009700000152 0.962527096764745 0.009763733889152 476
-0.756917983151043 0.653190565198275 -0.020426754967834 477
-0.69700138647611 0.716360337945422 -0.031889394304409 478
-0.287477311740296 0.957396489902615 0.027363412738986 479
-0.994435985850841 -0.03041929833362 -0.100855026318753 480
-0.880856343130779 0.470784241303347 0.049540901351343 481
0.041998854941875 0.99770253735912 0.053157719389987 482
-0.802159939114272 0.596946799273173 -0.013926626213897 483
0.05048620378362 0.99864725904525 0.012441673075895 484
0.995260509027661 0.084145371586203 0.048745006006985 485
0.617600982113671 0.785967480037405 -0.028707964328393 486
0.894771475340223 0.438936888159868 -0.081965938840548 487
-0.212327280045892 0.977177153839911 -0.006475813589389 488
-0.222746359466309 0.974185588266929 0.036694672059069 489
-0.22591252029935 0.974036633806058 0.014702692806377 490
0.546608563883442 0.835389479128531 0.057822971651778 491
-0.672066981894917 0.740426803795237 0.009701549784825 492
0.304218621602058 0.952599529248558 -0.002273135712985 493
-0.526031442957572 0.850165060710338 -0.022589611934734 494
0.494060361013633 0.867707477452152 0.054663454416102 495
-0.145756721854095 0.989319335007599 -0.00149379197669 496
0.524296812605746 0.851527645502827 -0.003677123314125 497
-0.967302761724531 0.205502032948525 0.148641453215848 498
-0.0403479561735 0.998693211548034 -0.031367365852036 499
-0.695560976324638 0.718452573686058 0.00456372415853 500
-0.024982554335814 0.999322114011501 -0.027040422083314 501
0.000088055797118 0.258613177947055 -0.965980960701763 502
-0.075821905728154 0.964106418303341 -0.254459923756285 503
0.009406017722794 -0.223275902014191 -0.974709904746201 504
-0.048943980197724 -0.630761308681135 -0.774431829326034 505
0.014055548599563 0.991590072434912 0.128652904367107 506
-0.055940328469405 0.367759801990882 0.928236719641257 507
0.117906503872555 -0.751530793257281 -0.649075899360494 508
-0.045832604498347 -0.66274467253528 -0.747441550484721 509
-0.0227981166618 0.223402325881258 -0.974459669082061 510
0.016384208794246 0.912869298426309 0.40792303403074 511
-0.037033140189582 -0.113498027160341 -0.992847795162184 512
-0.016358383214283 0.423624953445443 -0.905689959156532 513
-0.022334405201365 0.999383711003087 -0.027080851648359 514
0.072802650160519 -0.828649952190484 0.555012640274358 515
-0.018313305226371 -0.139863165417836 0.990001473640817 516
-0.015618491248378 -0.39037115815666 0.920525079294721 517
-0.026935638432295 0.931731605937364 -0.362147326208031 518
-0.001472520536197 0.989431353550007 -0.144994580227921 519
0.084989863176557 -0.985978069595737 0.143610478146595 520
0.095338786755564 -0.599916457782087 -0.794361856726625 521
0.069074511877479 -0.949323100345744 -0.306617616843573 522
0.025914613389935 0.955007692704333 -0.29544667824905 523
-0.079042850401726 -0.78016904366509 -0.620554986368709 524
0.003045187392961 -0.841818826701025 0.539751600132368 525
-0.030167409211506 0.57814055639316 -0.815379313249284 526
0.000136634855414 -0.997375197949183 0.07240646274156 527
0.032607309864987 -0.554241498031492 0.8317169742185 528
0.067423397031919 0.504986168766715 -0.860490008592192 529
-0.000038884843424 -0.199572231100267 0.979883117040819 530
-0.087179906816016 0.933655036004148 0.347401694860062 531
-0.028964024365646 -0.907828696023132 -0.418339747059118 532
0.063914422355973 -0.956334658985796 0.285199871383955 533
0.070778246797777 0.91455627150911 -0.398217611393052 534
0.017266855850156 -0.033106675435425 0.999302658722903 535
0.069689938366428 0.715922676317475 -0.694692762323682 536
0.025673688998307 -0.243780343465085 0.969490590894653 537
-0.013645728607788 -0.690593430128557 -0.723114450383918 538
0.001468284350109 0.873745672009785 -0.486380863917605 539
0.024272319890304 0.019909384098972 0.999507113987661 540
0.020622811708617 -0.133634342927164 -0.990816109087683 541
0.008980557964074 -0.131748773354236 -0.991242457877137 542
0.090899421416592 -0.498525320717973 -0.862096166207211 543
-0.075788120607377 0.47021357008466 0.879292533394342 544
-0.061679958689225 -0.113458083020306 -0.99162636415812 545
-0.051650917709458 -0.985683598210693 -0.160499305039594 546
0.045959709973981 -0.712860748900507 -0.69979801209786 547
0.020839667519085 -0.831114641685995 0.555710500740137 548
-0.025676988963425 0.867290646891296 -0.497139443267832 549
-0.02115202119659 -0.81280281859573 -0.582154764716511 550
-0.090002146545636 0.562422266024292 -0.821937228927659 551
-0.059549618545022 -0.027770592494894 0.997838983565798 552
0.021905098286763 -0.376636804384974 -0.926101983720865 553
-0.022506011351889 -0.967866963283504 -0.250453630114233 554
-0.031002917240868 -0.081152035123195 0.996219436830019 555
0.052452359147726 -0.910176581685145 0.410886042804793 556
-0.072600771302032 -0.247310709714157 0.966212471906169 557
-0.031446617902284 -0.579912687136811 -0.814071486738278 558
-0.00905232886884 0.758190228506635 0.651970576590007 559
0.024495336705347 0.712881085823879 -0.70085700107387 560
0.023686198209389 0.844085821345062 -0.535684692910501 561
-0.065859879324155 -0.711582428700048 -0.699509058883978 562
-0.035614669369512 -0.998108029095933 -0.050119433156535 563
-0.053212754263199 0.970575380395136 -0.234844275541394 564
-0.05334323716089 -0.257520436141363 0.964799318002847 565
0.005535174441625 -0.934312145186591 -0.356412930742883 566
-0.014276872361742 0.962124179804508 -0.27223745802345 567
-0.04058191673922 0.544628006799103 -0.83769531587792 568
-0.018742786420774 -0.589909542497916 0.807251782052592 569
-0.046184982885836 -0.848353835991422 -0.527411335026537 570
-0.028328759377334 0.252104706426766 -0.96728522080595 571
-0.028477140761966 -0.814677885072222 0.579214119327451 572
0.005775441564264 0.660329218731805 0.750954037983539 573
-0.004716633911748 0.920600117707272 -0.390478138494204 574
-0.010823249691482 0.51986533899866 -0.854179657082703 575
0.043004989794094 0.029647644565545 0.998634862211672 576
-0.028359896028881 0.002911507905839 -0.999593537103429 577
0.096154242316025 0.7817987059053 0.616072353810354 578
0.126100752980191 0.45643031012024 -0.880778049284478 579
0.00529122083668 0.995984302597113 0.089371538882352 580
0.017719828993677 -0.081337658972035 -0.996529072778804 581
-0.016883823391799 -0.99343742881633 0.113123876942373 582
-0.096328956003032 -0.987309347583443 0.12625761129422 583
0.032969292334621 0.976808446357958 0.211561539242619 584
-0.032892795704122 0.767941504615427 -0.639674846683658 585
-0.025621847971018 0.733499971865293 -0.679206384083781 586
-0.024074094303274 -0.026365361732982 -0.999362449606831 587
0.008414054394603 -0.002435186210893 0.999961636042485 588
-0.061265644034346 0.88597267535112 0.459672643728377 589
-0.038356635017034 0.365565620502813 0.929994917005767 590
0.040917907859607 0.988546098136273 -0.145266433410966 591
-0.033045026901193 -0.316124332267491 0.948142095229155 592
-0.037662408288389 0.668018034839546 -0.743191394010338 593
0.01540730817395 0.588057412464107 -0.808672427192156 594
-0.089534097248007 -0.950490717490549 -0.297575270132256 595
-0.050671426179229 -0.407914856791255 -0.911612788511621 596
-0.06687869717145 0.982597205667324 -0.173291578789672 597
-0.04031059744849 -0.573923721923992 -0.817916020839705 598
0.060628154660167 -0.877624566401851 0.475499050798702 599
0.01435591205141 0.764813746851789 -0.644091484507985 600
0.047352343784256 0.498287259476439 0.865717946320623 601
0.027369420802422 0.995530122999196 -0.090391863605893 602
0.06618103015219 -0.923114572992124 -0.378786953811194 603
0.083266485774059 -0.635770051687573 -0.767374181038181 604
0.094909356761989 -0.532841431414395 -0.840875866562529 605
0.024549985319912 -0.962106545972541 -0.271566368347736 606
0.0882442702465 0.609998174326677 -0.78747392089312 607
-0.027423409621525 0.810748856205686 -0.584751441867314 608
-0.002241343811098 0.155079058215011 0.987899520235265 609
0.032718931052009 -0.937210357981594 0.347226462762887 610
0.079462000477616 -0.886174267200119 0.456487632507638 611
-0.001559396541224 -0.719645423041278 0.69433999840004 612
0.066924948995991 -0.490595354874178 0.868813702112117 613
0.004056484665822 0.907244852483582 -0.420583312286876 614
-0.017372055930315 -0.670102262494687 -0.74206547519222 615
-0.038524866314995 -0.472302164520869 -0.880594401563122 616
-0.06040165959067 0.878878265159403 -0.473206756660438 617
-0.021124077364818 -0.30364533560174 -0.952550934870567 618
0.05614942116289 -0.502270741745373 -0.86288547588288 619
0.045754613707967 0.79561500969696 0.604072240439288 620
-0.041517649417395 -0.350178789300336 -0.935762309729883 621
-0.002641325459026 -0.999959406130335 -0.008614493095191 622
0.020339108777687 -0.727594715924639 -0.685705658437113 623
-0.079577121459974 0.946879739404684 -0.311586650620759 624
-0.055144814751951 -0.565809909707296 -0.822689610657017 625
-0.042000534677833 0.028967059910536 -0.998697584119896 626
0.049347522995805 -0.837054444281362 -0.544889602839876 627
-0.063627992860422 -0.742364839140521 0.666967708463028 628
0.004766692114147 0.800925073895748 0.598745609296118 629
-0.015308695639171 -0.947644286851047 -0.318960733377008 630
-0.000092869139731 0.837966590790202 -0.545721526142014 631
0.046282489276413 -0.50449878597459 0.862171042274411 632
0.018921951808333 0.387993070850204 -0.921468033472671 633
-0.098539376252522 -0.699782460789649 -0.707527030507632 634
0.001498687309477 0.875788590110851 -0.482692551597801 635
0.018167787255577 0.311806192320343 -0.949972015344097 636
0.081586631290323 0.278559204096514 0.956947433983609 637
-0.114503377109146 0.574560715575265 0.810412833528838 638
0.016090489261716 0.581860698849931 0.813129278337208 639
-0.134080210539136 -0.982036250344323 -0.132767843062407 640
-0.062884707321059 0.264858818987296 0.962234544999191 641
-0.042179889748651 -0.800754538024951 0.597505670879565 642
0.062426920175237 0.512359172064581 0.856499246023446 643
-0.087043871866193 0.920009523807435 -0.38210710602416 644
-0.04461304168038 0.598821575642326 0.799638916672561 645
-0.005132413205818 0.234611305418083 0.972075713977418 646
0.00778600317516 -0.328094136405523 -0.944612944973162 647
-0.062457867162455 -0.998039052645941 -0.004130886479937 648
-0.110469999478548 -0.991661636614381 -0.066359458123889 649
-0.101323814345113 0.298718961164898 -0.948947030601351 650
-0.02665165926466 -0.937106728983205 0.348023946809466 651
-0.128736402112594 -0.815072099762676 0.564875571218625 652
0.07576832573959 0.941975173609586 -0.32701977481157 653
0.054034654065775 0.998387873843457 -0.017375543799652 654
-0.04536215103161 -0.900064465168551 -0.433389240515539 655
0.027920492269233 0.355470448932131 -0.934270413770784 656
-0.00310997156466 0.388394915476355 0.921487774042056 657
-0.018986898641418 -0.971451603696834 0.236476805109571 658
0.097640889671996 -0.928919063255561 0.357177309727917 659
0.050714656657482 -0.981179518626183 -0.186319016282842 660
-0.057680780947195 0.861783200209609 -0.503986749176808 661
-0.063125779431588 -0.51855911120203 -0.85270838166428 662
0.048614135081676 -0.418261365787073 -0.907024859505071 663
-0.014095322622761 0.625990047642739 0.779703650198203 664
-0.022842324277377 -0.926310616950134 -0.376067639058546 665
-0.058352174195992 0.562576508486303 -0.824683391287809 666
0.048373811289509 -0.197659123185484 -0.979076526836831 667
0.060736390702083 -0.52831467227674 0.846873483999591 668
0.02039145346047 -0.116209358430638 -0.993015394462195 669
-0.095941878858077 0.156217193765646 0.983052055718907 670
0.05486801327276 0.899970620282467 -0.432483969353654 671
-0.006258882218471 -0.622472761836732 -0.782616436809709 672
0.031464911459735 -0.948472727726221 -0.315292632496246 673
-0.055044718369475 -0.133677060153556 0.989495084661024 674
-0.042572350523581 -0.542841760114704 -0.838755279236124 675
-0.002272431799696 0.185650927833905 -0.982613132951176 676
0.062242225095087 0.28472318176289 -0.956586961641245 677
0.013353701653318 0.610539363351226 0.791873326012964 678
0.070062011014932 -0.490484868761051 0.868628751613138 679
-0.032986215410008 0.761331152836189 -0.647523578963766 680
-0.06831671716213 0.808441585723333 0.584598177066378 681
0.003742394933674 -0.930124151436176 0.367226166544942 682
0.059534884221584 0.517039937668498 0.853888341890483 683
-0.031244933387858 -0.305352643654455 -0.951726597900271 684
0.009922208815879 -0.183819370643118 0.982909959634443 685
-0.050113511580265 0.329660569990185 0.942768553013326 686
0.009307891649207 0.984489464348225 0.175196625938949 687
0.059185479007109 -0.364035157138532 -0.92950281518768 688
0.090459833064444 0.23510165762155 -0.967752152767201 689
0.143047045326739 -0.870420476279909 0.471068718231157 690
-0.010171771945031 -0.899918165928495 0.435940167554438 691
0.0282581007917 0.895829104028392 0.443499375552362 692
-0.014344116560054 -0.970137772729756 -0.242130023423488 693
-0.03690953270831 -0.679095903532735 -0.73312102698007 694
0.041222732319052 0.226489898449722 -0.973140797747369 695
0.041063744993549 0.910464727896193 -0.411543130308375 696
0.099635963899641 0.847569327144195 0.521247455995831 697
0.013861066127524 -0.718752600041601 0.695127737023381 698
-0.007567292853512 -0.734159164303602 0.678935238110312 699
-0.000632209180856 0.989061206442882 0.147504339669388 700
0.053328513428417 -0.91798844447723 -0.393005452203643 701
0.08166754287 -0.88496019248565 0.458449419409968 702
0.104696602681747 0.474240159831381 -0.874148095113183 703
-0.039178076410708 0.796312700582762 0.60361507703117 704
-0.010148524291526 -0.833329144861876 0.5526839456493 705
-0.024909137884067 -0.993222759409009 0.113525702119946 706
0.013167432806068 0.565527510137996 0.824624310817002 707
-0.057592986963488 -0.832124060789671 -0.551590967391174 708
-0.003455831413459 -0.630743889698525 -0.77598337793874 709
-0.041100689418324 -0.710211220491774 0.702787845382178 710
0.070037732308475 0.835605105626424 -0.544847523169685 711
-0.011337049446042 -0.824585941939326 -0.565623103900374 712
-0.055036257233651 -0.10534299627323 0.992911810548092 713
-0.003886574777111 -0.276990889794104 0.96086468428576 714
-0.118859561398098 0.990103072394224 0.074621114302657 715
0.050381986641329 0.510656701701093 0.858307280890611 716
-0.109880406417749 0.727327008212231 -0.677437612928685 717
0.004544598039854 0.977053548265209 0.212945322679373 718
-0.051296476550005 0.37707409955179 0.924761480026478 719
0.019290097621109 0.056384583919265 0.9982227561171 720
-0.075173603144666 0.166477835766501 -0.983175497858216 721
-0.045985408475134 -0.247185891726708 -0.96787627160637 722
-0.062457077770579 -0.685506917479496 -0.725382229947852 723
0.057832928109951 0.960480865133906 -0.272271666057731 724
0.029507069911035 0.849758150258531 -0.526346291802712 725
-0.039855435969339 0.386748385831691 0.921323629502834 726
-0.041248837409668 -0.213784232034943 -0.976009649309667 727
0.042230379326588 0.932431779327883 -0.358869853792945 728
0.067996227778959 0.40479353046676 -0.911876477764444 729
-0.025891337005724 -0.641794778647906 0.766439234883198 730
0.003879479745988 0.997685035948932 0.06789343621057 731
0.017057496693324 0.980605195524495 -0.195249820273732 732
-0.01789686337701 0.99983782846149 0.002004759007155 733
-0.001290762332577 -0.161377345411772 0.986891932442682 734
0.114881060658075 -0.702971353056644 0.701878635295153 735
-0.00827065410376 -0.233615321790036 -0.972293925572732 736
0.014346050377411 -0.851693850414045 -0.523843274277209 737
0.159232877654172 -0.491717241841125 0.856071868916464 738
-0.010036551708719 -0.408533818636455 0.91268800072101 739
0.013538992673257 0.75139527446512 0.659713450817004 740
0.013580077164419 0.477879488692695 0.878320428881747 741
-0.01710727592047 -0.846403207112089 0.532267744749717 742
-0.052521426357236 -0.848209163095293 -0.527050960927483 743
-0.027403317574429 -0.684613090701501 -0.728391360620136 744
0.028712207587815 0.49430352262394 -0.868815076214149 745
0.05257285220968 0.65104775845776 0.757213913909185 746
-0.04210382449298 0.758093109818303 0.650785759531566 747
-0.024602395548427 0.989120767010116 0.145033893978613 748
-0.04863524651372 0.795819457062499 0.603577670691435 749
0.019199461911342 -0.052688792398818 0.998426397796988 750
-0.047722328872136 0.68189186232824 -0.729894559109427 751
-0.00265486952836 0.911012895145614 0.412369320568581 752
-0.048513709822914 -0.433484121512365 -0.899854397308738 753
0.032930541793078 -0.176043906963404 0.983831348473037 754
0.007793085013059 -0.493997532856694 0.869428378509397 755
-0.010338811869422 -0.971724938507733 0.23588928091643 756
0.058733213518084 0.652132017612456 0.755826859296854 757
-0.044330672023367 0.024700410595513 0.998711510514608 758
0.027297245189933 -0.33981486624127 0.940096121195311 759
0.001681504944954 -0.31798045540914 0.948095777081048 760
0.057494271666092 -0.404441045144757 -0.912755087483933 761
-0.090812020553115 0.428799064147696 0.898823975820138 762
0.034445032467365 0.585750697427432 -0.809759013658754 763
0.063125789576108 -0.595527646076743 0.800850771023346 764
-0.057889857261759 0.582032189084234 -0.811102518363756 765
-0.041540893746344 0.877737265120148 0.477338085182985 766
0.019290931161491 0.600836474135598 0.799139156419723 767
-0.080896707997735 0.561689212244402 0.823383842131598 768
0.069039138477822 0.21122366806036 -0.974996491998493 769
-0.014717625673685 -0.215182247347232 0.976463000794769 770
-0.044659302062455 -0.993762285420086 0.102186431662628 771
-0.011895708800912 -0.78408124380189 -0.620544192809992 772
-0.000982583332197 0.996100708397288 0.088217987170514 773
0.00091964195998 0.926248754152584 0.376911660325667 774
-0.051941756629994 0.795246400682477 -0.604057295394861 775
-0.03827343263947 -0.147449421867374 0.988328797690814 776
0.006924865911647 0.842296633673092 0.538969783137313 777
0.058168089470526 -0.996870648646755 0.053529274550909 778
-0.009666397353757 0.696889774336796 0.717113103482992 779
0.059253663573277 0.666618402306144 0.743040314559007 780
0.077573948359301 -0.882288093022206 -0.464273629928717 781
-0.013948554294796 0.99004753037555 0.140040442124265 782
0.01584515451998 0.69927125908318 0.7146807939902 783
0.102135339156487 0.590123998619865 -0.800825847952157 784
0.107183101454343 -0.554700804334817 0.82511744644804 785
-0.060449406132107 0.657744132965534 -0.750811910432762 786
0.092925673752666 -0.4579910502237 0.884086543881653 787
-0.07212588667476 0.395889176251194 -0.915461422780081 788
-0.036728479108493 0.140350195951746 -0.989420457297444 789
0.039206052047477 0.336481138036243 -0.940873705248842 790
0.024939349849745 -0.02599394131644 -0.999350961296335 791
0.013545675677062 0.669033654096766 -0.743108662549685 792
0.04230270982224 0.057777108792384 0.99743284808617 793
0.080632276753998 -0.192790496560862 -0.977921397854287 794
-0.017486384016225 0.786540477445052 0.617291101276008 795
-0.026153299077724 -0.608041949218172 -0.793474002685858 796
0.087165017231567 0.974071874549213 0.208773185498528 797
-0.025503538971986 -0.242350716766479 0.969853442321405 798
-0.011377461125221 -0.645858065211982 0.763372722186862 799
0.01349469749733 0.99855729900263 0.051973202210633 800
-0.074924274651889 0.968866413859775 -0.235975051991493 801
0.012036189828906 0.981434720604231 0.191418440404516 802
-0.059576165993063 -0.838184940247353 0.542122390598385 803
0.00439757658179 -0.591494424622814 0.806297095964219 804
0.050919045543017 0.96414819095231 0.260433324834548 805
-0.061235368078149 0.627908146504669 -0.775874725229147 806
-0.049716262082854 0.423708120501826 -0.904433370627886 807
0.022851922893016 0.700926324482681 0.712867503304289 808
-0.022804371719026 0.998639230923825 0.04690039541807 809
-0.036399035614292 0.868092010038308 0.495067038201898 810
-0.04640295186469 0.200417094372047 -0.978611135406556 811
-0.04294623357245 -0.205277417827775 -0.977761117426901 812
-0.063667734589851 -0.084179591234016 -0.994414509141872 813
-0.039765803385783 0.982997836718547 -0.179259403903225 814
0.108518896287045 0.108338532470502 -0.988173269994073 815
-0.02094785095055 0.432165990674851 -0.901550744020867 816
0.067180737487915 -0.995873286017289 0.061017593427685 817
-0.034476465508752 0.903054905050227 0.428139243460289 818
-0.096180032526143 -0.342381751898128 0.934625131970267 819
-0.032789312476626 -0.79037158696286 -0.611749634662025 820
0.040128218064303 0.707596590083788 0.705476287210831 821
-0.040961914178025 0.996020287305058 0.079156230731528 822
0.043176559830215 0.988115957741506 0.147521655148708 823
0.03123880208089 0.992332832699332 -0.119581296160689 824
-0.037701570415975 0.322162313972662 -0.945933419984699 825
0.00157833990023 -0.984992369433823 0.172590674719993 826
0.010452725021255 -0.940653328397988 -0.339207983858601 827
0.028421018375478 0.996854900682952 0.073976703757888 828
-0.00243811736764 -0.705180762886892 0.709023375663992 829
-0.01936456723272 -0.418299064653921 -0.908102915998812 830
0.017341651231045 0.199608951447994 -0.979722171656033 831
0.00558578074904 -0.988235617885541 -0.152837045888114 832
0.031374069082993 -0.768842858416471 0.63866761844575 833
-0.005412929457369 0.908736668650173 0.417334838283692 834
0.006673449815421 0.64169180837636 -0.766933561744587 835
0.067705739200307 0.393135266804287 -0.916984511796171 836
0.007495182071558 -0.623182985269777 0.78204014546311 837
0.000333254223207 -0.968887929775578 -0.247499633286229 838
0.012195898257474 0.985012994081579 0.172048427938577 839
0.013943778330253 0.834621182597496 -0.550647848089353 840
-0.017404873325753 -0.465421835009867 -0.884917841316674 841
-0.034102374038639 0.111641053787634 0.993163281235324 842
-0.011868539005251 0.059680875920569 0.998146948515716 843
0.029123533726165 -0.46737614179113 0.883578724205001 844
0.00121928242721 -0.999797095997722 0.020106719893727 845
0.008459497144261 -0.852484530836279 -0.522683997835131 846
0.056586709890669 0.853678905330572 0.517716400027414 847
0.021608384281145 -0.508676447744079 0.860686556906301 848
0.006566898239492 -0.83976567730699 0.542909277011035 849
-0.059918437418242 -0.106954641483698 -0.992456792773595 850
0.065235047517954 -0.977924501820244 0.198514627458426 851
0.012145047856915 -0.93710479456245 0.348836783927127 852
-0.030998479059361 0.102081818860816 0.994292912855198 853
0.01424958709764 -0.318138522036859 0.947937144574338 854
-0.036426285708104 -0.972716852452422 0.229117984157867 855
-0.046490269377753 0.988431421834338 0.144367514295058 856
-0.04595542263723 -0.056849382084888 0.997324544412099 857
-0.061497998713317 0.256678964055661 -0.964538182533781 858
-0.052541048485772 -0.415196073366979 0.908213443461755 859
0.011500377656225 -0.965886390781344 -0.258710690573764 860
0.025339859399509 -0.999634717543409 0.009398032109044 861
0.000687638794779 -0.926409270605282 -0.376517450444834 862
0.017497711029103 -0.99227409200849 -0.12282490153657 863
0.110365450641679 -0.968706976022441 -0.222320178819013 864
0.071365000705024 -0.407069576643459 -0.910604961795008 865
-0.058350860936393 -0.888717709229517 0.454726302658887 866
-0.015721401109846 -0.45368460823356 0.891023632570486 867
-0.061304959735574 -0.738227018352769 0.671760799158302 868
-0.035482455873705 -0.33435715144098 0.941778259785945 869
0.038307541813808 -0.944885751227078 0.325151425290163 870
0.040785735742984 0.982395732499212 0.182305097370426 871
-0.016113610840741 0.140747889336359 -0.989914331239342 872
0.034577740163094 0.6456424511781 -0.762856608493331 873
0.068389784720993 0.949652426028013 -0.305750072910745 874
-0.018863289161303 -0.795505189798849 0.605653093218482 875
-0.023053750376783 0.911281682667542 -0.411137713458857 876
0.028525904103276 0.978650757631666 0.20354107050435 877
-0.043824636631317 0.944364224969609 0.32596872828798 878
-0.002506135050218 0.922044841711391 0.387074965814797 879
0.030328578002778 -0.878076073593629 0.477558987287147 880
0.099226280898183 -0.30356532802002 -0.947629799448715 881
0.029570740142432 0.956499865174733 0.290230217668916 882
0.061894386897455 0.998000196444687 0.012833267976393 883
0.052769689250805 0.904188901260054 0.423860579358956 884
-0.041488952561813 0.912961299849026 -0.405931437305982 885
-0.03511949331885 -0.319146880021813 0.947054322708771 886
-0.050687257068278 -0.447202076951298 0.892995579127545 887
-0.053918686211174 0.436637989515458 0.898020067364399 888
0.028595357719165 0.548409790822906 0.835720651202595 889
0.020281018575839 -0.368913068942957 0.929242609789615 890
0.04885471804765 0.896839489052709 0.439650028318162 891
-0.037326205584224 -0.27859716258118 -0.95968243465138 892
0.025455917142697 -0.555745024707503 0.830962973781192 893
-0.019213920463534 -0.969400772419238 -0.244730397975823 894
-0.025983001518966 -0.360063946866443 -0.932565728406864 895
0.049499194275722 -0.897687962702909 -0.437842610288624 896
0.021519975709401 -0.015515618014453 -0.999648016175242 897
0.02152909925699 -0.66705806229048 0.744694594728909 898
-0.000852356721912 -0.999561796106491 -0.029588667634484 899
0.019343534599255 -0.407660206490224 0.912928794437745 900
-0.011399998851134 -0.902130909451721 -0.431311792370676 901
0.018064842585341 -0.256623916814459 -0.966342499728317 902
-0.008425790303781 -0.407425088361602 -0.913199760967609 903
0.085319691598105 -0.926766483590404 -0.365820222403138 904
-0.041264026487158 -0.608962463600294 0.792124988902589 905
-0.013991889060459 -0.760753433039971 -0.648890161089238 906
0.035864461709216 -0.074532884992804 0.996573424008968 907
0.040719704032008 0.988246063763819 -0.147348644916959 908
-0.011061970180504 -0.385602887921001 -0.922598528961926 909
0.00840357327061 -0.991097428119474 0.132873127197522 910
-0.073353417065541 0.727100025102971 -0.682601516039972 911
-0.080404737622682 -0.716932757636886 0.692490071549764 912
0.065256642480988 0.117025712125142 0.990982620086605 913
-0.00124388141144 -0.824020329530971 0.56655886656084 914
-0.005564234129198 -0.26920381136347 0.963067156145373 915
0.118025997406254 -0.35635324156091 0.926866889669326 916
0.050732685816822 0.927359451029285 0.370716391836771 917
0.057813660495077 -0.476796770464515 0.877110266919028 918
-0.024311852048187 0.835827976127867 -0.548452849543132 919
-0.028910739615385 -0.707264048442895 -0.706358078395835 920
-0.000443656409204 0.345707224608652 -0.938342324539597 921
-0.007591578914606 0.366849967361179 -0.93024914371188 922
-0.020902529260338 -0.795499837313298 -0.605593174585907 923
-0.028632973010192 -0.317538133426997 -0.947813107461749 924
0.010965350431664 -0.103878691511862 -0.994529526228203 925
0.015870713406969 -0.998164826856138 -0.058438847380911 926
-0.006918864601942 0.938282039663608 0.345801884548536 927
0.118274069348568 -0.162657140966307 -0.97956822070359 928
-0.037033234023007 0.022019040718963 0.99907141958101 929
-0.000060089044373 0.15068737487329 -0.988581464242125 930
-0.066729334949748 -0.963027004996148 -0.261009929897912 931
-0.013587127005606 -0.956156186091932 0.292541856454531 932
-0.004195932148617 -0.838220128693877 0.545315880940419 933
-0.01663448467884 -0.999150006518563 0.037716818442493 934
-0.096160495269791 0.989659781566193 0.106426857041932 935
0.031600332258093 -0.020290161885117 0.999294615382197 936
0.049966067979774 0.972163113446962 -0.228915427404423 937
-0.111342093576217 -0.310989638772259 -0.943868837696406 938
-0.045685814693729 0.044549244121543 -0.997962008888099 939
-0.025258518931554 0.070862648184337 -0.997166231033566 940
-0.00083340475839 0.386964556143559 -0.922094213041773 941
-0.059481909769241 -0.951759569760942 0.301024291010992 942
-0.01179360885639 0.993347110235156 -0.114553172708608 943
-0.045762651322654 0.211218592896894 0.976366983136248 944
-0.008017345459309 -0.995581950229963 -0.09355374149701 945
-0.02438553784769 -0.997966709126539 -0.058887970070515 946
0.076977650372464 -0.933583292555467 0.349995253116993 947
0.005699086289886 -0.952441890744974 0.304666974202323 948
0.03625691505912 -0.336513427772594 -0.940980419051924 949
-0.027731878586955 -0.7664012804954 -0.641763211913124 950
-0.014754661574041 -0.901960872447596 -0.431565620196289 951
0.014537959353662 -0.756464427869978 -0.653873242383551 952
0.004135464415568 0.155762585791798 0.987785864852054 953
-0.010875697030229 -0.433302988169216 0.901182689390855 954
-0.045725309577789 0.456216473419842 -0.888693268481526 955
-0.000807820707099 0.969418806617295 0.245410930486815 956
0.043327441337008 0.972345503660086 0.229492819798794 957
-0.017571764090987 0.476838109192418 -0.878815481616323 958
0.03394143966312 0.053289565147449 0.998002104667115 959
-0.018567682423883 0.993375269840416 0.113405530900775 960
0.041314293185471 -0.902242019940722 0.429246393848417 961
-0.025232709451094 0.116538388096958 -0.99286560745829 962
-0.028165034832148 -0.498112563288191 0.866654836199148 963
-0.00544207823702 0.007328249629411 0.999958339403113 964
-0.044899422409355 -0.312785407417081 0.94876199901463 965
-0.075019840374797 -0.465912808514343 -0.881644644067221 966
-0.025602835453411 0.828085448722018 -0.560016950128833 967
0.088839840944885 -0.780810628983817 0.618419149385579 968
-0.045781269676249 -0.563413683988736 -0.824905507340733 969
-0.077627202988483 -0.79797090290406 0.597675878277402 970
0.047294793802712 -0.438970952580314 -0.897255652124795 971
-0.050144301399394 0.829678085743095 0.55598545221511 972
0.001124280145809 -0.242067395114539 0.97025878620944 973
-0.020506053351311 -0.536836179001489 0.843437264229554 974
0.031086106521179 0.885408394273828 0.463773252064838 975
0.021347740680515 -0.244027968035759 0.969533199423401 976
0.000051888727704 -0.475433763793837 0.879751518073363 977
-0.028932088090483 -0.040029518985606 -0.998779541184392 978
0.090178989383029 0.834077010382912 0.544227241714855 979
-0.001208767020867 0.306564962293865 0.951848970570463 980
-0.042839529186401 0.140178245073013 0.989199087316268 981
0.04172066625615 -0.822134000064012 -0.567763218204465 982
0.019921261830828 0.693561563808135 -0.720121865058326 983
-0.05078762665754 0.669698402416913 0.740894504486791 984
0.059909892960083 -0.472910824457094 0.879071189857126 985
0.018619877007798 -0.609931714409951 0.7922351948362 986
0.129978051192233 0.7221368046865 0.679429276323475 987
-0.002940088665529 0.792106885284825 0.610375325650548 988
0.074308518555645 -0.963754676964191 -0.256232641752983 989
0.042136490704187 -0.964856425144801 0.259377321691645 990
0.040605205686969 0.537571373040809 -0.842240011017132 991
-0.007940753557879 -0.996327124225939 -0.085259638543703 992
-0.061035389895236 -0.919254792314254 0.388902697326226 993
0.037739917434878 0.862675608152976 -0.504347592172206 994
-0.039030869424652 0.955881280365364 -0.291148706126315 995
0.01496339603891 -0.545695505892083 0.837849933835508 996
0.010568945041971 0.990683525128776 0.135773526282267 997
0.036598473829944 -0.384596384998284 0.922359025737576 998
0.003662065777317 -0.994829178385036 -0.101496281252062 999
0.034375695605157 0.152743409710147 -0.987667840086828 1000
